5885.519
5888.303
5893.256
5894.006
5899.771
5900.629
5901.620
5903.073
5910.634
5912.293
5914.584
5915.809
5916.912
5920.075
5920.663
5921.269
5925.894
5929.912
5933.740
5934.397
5942.098
5942.711
5943.265
5944.143
5946.901
5948.594
5951.082
5956.607
5959.846
6281.727
6289.534
6291.512
6294.283
6297.306
6300.598
6304.113
6307.958
6312.011
6316.484
6320.900
6325.800
6474.568
6477.238
6481.517
6485.326
6488.551
6490.929
6492.583
6494.695
6497.661
6499.349
6510.393
6513.916
6516.505
6517.633
6518.366
6518.881
6519.812
6521.273
6874.286
6885.721
6888.182
6891.329
6894.750
6898.348
6902.344
6906.469
6910.895
6915.603
6920.542
6925.638
6931.130
6936.475
6939.784
6942.818
6945.713
6948.470
6949.435
6950.937
6952.854
6955.603
6958.351
6961.377
6963.173
6966.440
6979.376
6983.392
6988.491
6990.909
6992.508
6995.687
7000.864
7006.850
7011.750
7013.176
7018.262
7021.279
7022.667
7024.430
7025.421
7029.180
7041.724
7149.616
7152.901
7158.398
7160.976
7164.017
7166.181
7169.866
7172.375
7175.345
7178.055
7179.338
7183.551
7186.487
7188.248
7189.273
7193.644
7195.621
7197.003
7197.770
7199.926
7202.881
7206.218
7208.389
7211.502
7213.180
7218.494
7225.596
7229.469
7234.745
7236.658
7238.118
7241.819
7242.698
7245.620
7247.649
7249.189
7250.900
7252.192
7254.937
7259.612
7262.701
7264.000
7264.957
7266.536
7267.576
7271.928
7274.965
7277.396
7279.222
7289.634
7292.535
7294.646
7297.000
7301.793
7305.758
7311.250
7314.643
7317.525
7319.293
7320.498
7325.972
7329.242
7332.861
7335.693
7337.416
7623.325
7667.426
7673.234
7679.192
7685.376
7691.800
7698.439
7705.356
7903.928
7911.077
7917.809
7922.842
7926.537
7930.729
8009.736
8015.239
8030.811
8136.539
8143.597
8146.214
8148.445
8149.423
8151.316
8156.123
8160.229
8164.129
8166.807
8171.842
8179.974
8184.077
8185.337
8188.628
8191.509
8195.364
8199.945
8202.396
8212.178
8214.371
8220.359
8223.796
8226.239
8227.925
8229.202
8230.567
8231.998
8233.648
8236.257
8239.583
8242.125
8245.688
8254.964
8258.770
8261.934
8265.682
8274.288
8276.594
8278.885
8281.854
8284.286
8290.229
8291.786
8296.538
8302.661
8307.140
8314.199
8318.479
8320.405
8323.681
8331.948
8341.223
8364.235
8936.543
8949.052
8951.210
8954.462
8957.136
8965.287
8968.238
8973.894
8975.335
8977.082
8978.825
8983.035
8992.189
9002.813
9006.242
9009.871
9011.514
9014.361
9019.105
